IoU: 0.12550399
Cor: 0.11142531
